t3_博士论坛
[1, 2, 3, 4, 5, 7, 8, 9, 10, 11, 12, 22, 31, 6]
[55, 24, 14, 11, 4, 4, 1, 1, 1, 1, 1, 1, 1, 1]
博士论坛
[1, 2, 3, 4, 5, 6, 7, 8, 9, 10, 11, 12, 22, 31]
[55, 24, 14, 11, 4, 1, 4, 1, 1, 1, 1, 1, 1, 1]
博士论坛
[1, 2, 3, 4, 5, 6, 7, 8, 9, 10, 11, 12, 22, 31]
[55, 24, 14, 11, 4, 1, 4, 1, 1, 1, 1, 1, 1, 1]
博士论坛
[1, 2, 3, 4, 5, 6, 7, 8, 9, 10, 11, 12, 22, 31]
[55, 24, 14, 11, 4, 1, 4, 1, 1, 1, 1, 1, 1, 1]
博士论坛
[1, 2, 3, 4, 5, 6, 7, 8, 9, 10, 11, 12, 22, 31]
[55, 24, 14, 11, 4, 1, 4, 1, 1, 1, 1, 1, 1, 1]
博士论坛
[1, 2, 3, 4, 5, 6, 7, 8, 9, 10, 11, 12, 22, 31]
[55, 24, 14, 11, 4, 1, 4, 1, 1, 1, 1, 1, 1, 1]
博士论坛
[1, 2, 3, 4, 5, 6, 7, 8, 9, 10, 11, 12, 22, 31]
[55, 24, 14, 11, 4, 1, 4, 1, 1, 1, 1, 1, 1, 1]
百科全书
[1, 2, 3, 4, 5, 6, 7, 8, 10, 11]
[5, 3, 5, 9, 5, 2, 3, 1, 1, 2]
自科重大
[1, 2, 3, 4, 5, 8, 9, 11, 12, 13, 14, 17, 20, 34]
[4, 2, 1, 1, 2, 2, 2, 1, 1, 1, 2, 1, 1, 1]
教指委
[1, 2, 3, 4, 5, 6, 8, 9, 12, 13]
[10, 5, 4, 3, 1, 1, 1, 1, 2, 1]
博士17班
[1, 2, 3, 4, 6, 7, 8, 9, 10, 14, 16, 17, 20, 24, 27, 30, 31, 33, 36, 39, 41, 42, 54, 79, 80, 100]
[4, 4, 6, 1, 1, 2, 5, 1, 3, 1, 1, 1, 1, 1, 1, 1, 1, 1, 1, 1, 1, 1, 1, 1, 1, 1]
信管校友
[1, 2, 3, 4, 5, 6, 7, 8, 9, 10, 11, 12, 13, 14, 15, 16, 20, 22, 30, 33, 34, 142]
[74, 39, 10, 17, 11, 5, 3, 2, 3, 3, 1, 1, 2, 4, 1, 1, 1, 2, 1, 1, 1, 1]
同学04级
[1, 2, 3, 4, 6, 7, 8, 11, 12, 14, 15, 16]
[3, 2, 2, 4, 4, 1, 1, 1, 1, 1, 2, 1]
老年群
[1, 2, 3, 4, 5, 8, 10, 11, 13, 26, 44, 47, 50, 131]
[2, 3, 1, 3, 2, 2, 1, 1, 1, 1, 1, 1, 1, 1]
老连家
[1, 2, 5, 8, 9, 10, 12, 14, 18, 43, 46, 67, 86]
[2, 3, 3, 1, 3, 1, 1, 1, 1, 1, 1, 1, 1]
滑翔伞
[1, 2, 3, 4, 5, 6, 7, 8, 9, 10, 11, 12, 13, 14, 15, 16, 17, 18, 20, 21, 22, 24, 25, 26, 28, 29, 30, 32, 34, 35, 36, 38, 39, 43, 44, 45, 47, 48, 50, 51, 56, 57, 58, 62, 68, 69, 72, 74, 81, 85, 89, 93, 96, 98, 111, 113, 114, 115, 119, 135, 148, 155, 159, 207, 217, 269, 293, 299, 300, 429, 443, 476, 1019, 1044, 1111, 1569, 1659, 1698, 2382, 2761]
[23, 23, 16, 10, 12, 4, 2, 4, 7, 8, 6, 2, 2, 1, 2, 3, 2, 2, 3, 1, 4, 2, 1, 2, 1, 1, 3, 2, 1, 2, 2, 2, 1, 1, 1, 1, 1, 1, 1, 2, 1, 1, 2, 1, 2, 2, 2, 1, 1, 1, 1, 1, 1, 1, 1, 1, 1, 1, 1, 1, 1, 1, 1, 1, 1, 1, 1, 1, 1, 1, 1, 1, 1, 1, 1, 1, 1, 1, 1, 1]
林州滑翔
[1, 2, 3, 4, 5, 6, 7, 8, 9, 10, 11, 12, 13, 14, 15, 16, 17, 18, 19, 23, 24, 25, 26, 27, 28, 30, 31, 32, 34, 35, 36, 43, 45, 50, 51, 58, 63, 64, 70, 72, 76, 78, 79, 98, 102, 106, 107, 112, 113, 118, 126, 130, 134, 148, 150, 163, 170, 203, 223, 236, 240, 304, 318, 337, 411, 470, 661, 697]
[7, 9, 3, 4, 4, 5, 1, 3, 4, 1, 1, 1, 3, 1, 2, 3, 1, 1, 2, 2, 1, 1, 1, 1, 1, 1, 1, 2, 1, 2, 1, 2, 1, 1, 1, 1, 1, 1, 1, 1, 1, 1, 1, 1, 1, 1, 1, 1, 1, 1, 1, 2, 1, 1, 1, 1, 1, 1, 1, 1, 1, 1, 1, 1, 1, 1, 1, 1]
游戏群
[1, 2, 3, 4, 5, 6, 7, 8, 9, 10, 13, 14, 19, 22]
[2, 2, 1, 1, 1, 1, 1, 1, 1, 1, 1, 1, 1, 1]
海大摄影
[1, 2, 3, 4, 5, 6, 7, 8, 10, 13, 14, 18, 19, 20, 21, 24, 26, 28, 30, 31, 35, 37, 55, 63, 67, 99, 225]
[16, 6, 3, 4, 1, 4, 3, 1, 1, 1, 3, 1, 2, 3, 1, 2, 1, 1, 1, 1, 1, 1, 1, 1, 1, 1, 1]
百科全书
[1, 2, 3, 4, 5, 6, 7, 8, 10, 11]
[5, 3, 5, 9, 5, 2, 3, 1, 1, 2]
自科重大
[1, 2, 3, 4, 5, 8, 9, 11, 12, 13, 14, 17, 20, 34]
[4, 2, 1, 1, 2, 2, 2, 1, 1, 1, 2, 1, 1, 1]
教指委
[1, 2, 3, 4, 5, 6, 8, 9, 12, 13]
[10, 5, 4, 3, 1, 1, 1, 1, 2, 1]
博士17班
[1, 2, 3, 4, 6, 7, 8, 9, 10, 14, 16, 17, 20, 24, 27, 30, 31, 33, 36, 39, 41, 42, 54, 79, 80, 100]
[4, 4, 6, 1, 1, 2, 5, 1, 3, 1, 1, 1, 1, 1, 1, 1, 1, 1, 1, 1, 1, 1, 1, 1, 1, 1]
信管校友
[1, 2, 3, 4, 5, 6, 7, 8, 9, 10, 11, 12, 13, 14, 15, 16, 20, 22, 30, 33, 34, 142]
[74, 39, 10, 17, 11, 5, 3, 2, 3, 3, 1, 1, 2, 4, 1, 1, 1, 2, 1, 1, 1, 1]
同学04级
[1, 2, 3, 4, 6, 7, 8, 11, 12, 14, 15, 16]
[3, 2, 2, 4, 4, 1, 1, 1, 1, 1, 2, 1]
老年群
[1, 2, 3, 4, 5, 8, 10, 11, 13, 26, 44, 47, 50, 131]
[2, 3, 1, 3, 2, 2, 1, 1, 1, 1, 1, 1, 1, 1]
老连家
[1, 2, 5, 8, 9, 10, 12, 14, 18, 43, 46, 67, 86]
[2, 3, 3, 1, 3, 1, 1, 1, 1, 1, 1, 1, 1]
滑翔伞
[1, 2, 3, 4, 5, 6, 7, 8, 9, 10, 11, 12, 13, 14, 15, 16, 17, 18, 20, 21, 22, 24, 25, 26, 28, 29, 30, 32, 34, 35, 36, 38, 39, 43, 44, 45, 47, 48, 50, 51, 56, 57, 58, 62, 68, 69, 72, 74, 81, 85, 89, 93, 96, 98, 111, 113, 114, 115, 119, 135, 148, 155, 159, 207, 217, 269, 293, 299, 300, 429, 443, 476, 1019, 1044, 1111, 1569, 1659, 1698, 2382, 2761]
[23, 23, 16, 10, 12, 4, 2, 4, 7, 8, 6, 2, 2, 1, 2, 3, 2, 2, 3, 1, 4, 2, 1, 2, 1, 1, 3, 2, 1, 2, 2, 2, 1, 1, 1, 1, 1, 1, 1, 2, 1, 1, 2, 1, 2, 2, 2, 1, 1, 1, 1, 1, 1, 1, 1, 1, 1, 1, 1, 1, 1, 1, 1, 1, 1, 1, 1, 1, 1, 1, 1, 1, 1, 1, 1, 1, 1, 1, 1, 1]
林州滑翔
[1, 2, 3, 4, 5, 6, 7, 8, 9, 10, 11, 12, 13, 14, 15, 16, 17, 18, 19, 23, 24, 25, 26, 27, 28, 30, 31, 32, 34, 35, 36, 43, 45, 50, 51, 58, 63, 64, 70, 72, 76, 78, 79, 98, 102, 106, 107, 112, 113, 118, 126, 130, 134, 148, 150, 163, 170, 203, 223, 236, 240, 304, 318, 337, 411, 470, 661, 697]
[7, 9, 3, 4, 4, 5, 1, 3, 4, 1, 1, 1, 3, 1, 2, 3, 1, 1, 2, 2, 1, 1, 1, 1, 1, 1, 1, 2, 1, 2, 1, 2, 1, 1, 1, 1, 1, 1, 1, 1, 1, 1, 1, 1, 1, 1, 1, 1, 1, 1, 1, 2, 1, 1, 1, 1, 1, 1, 1, 1, 1, 1, 1, 1, 1, 1, 1, 1]
游戏群
[1, 2, 3, 4, 5, 6, 7, 8, 9, 10, 13, 14, 19, 22]
[2, 2, 1, 1, 1, 1, 1, 1, 1, 1, 1, 1, 1, 1]
海大摄影
[1, 2, 3, 4, 5, 6, 7, 8, 10, 13, 14, 18, 19, 20, 21, 24, 26, 28, 30, 31, 35, 37, 55, 63, 67, 99, 225]
[16, 6, 3, 4, 1, 4, 3, 1, 1, 1, 3, 1, 2, 3, 1, 2, 1, 1, 1, 1, 1, 1, 1, 1, 1, 1, 1]
百科全书
[1, 2, 3, 4, 5, 6, 7, 8, 10, 11]
[5, 3, 5, 9, 5, 2, 3, 1, 1, 2]
自科重大
[1, 2, 3, 4, 5, 8, 9, 11, 12, 13, 14, 17, 20, 34]
[4, 2, 1, 1, 2, 2, 2, 1, 1, 1, 2, 1, 1, 1]
教指委
[1, 2, 3, 4, 5, 6, 8, 9, 12, 13]
[10, 5, 4, 3, 1, 1, 1, 1, 2, 1]
博士17班
[1, 2, 3, 4, 6, 7, 8, 9, 10, 14, 16, 17, 20, 24, 27, 30, 31, 33, 36, 39, 41, 42, 54, 79, 80, 100]
[4, 4, 6, 1, 1, 2, 5, 1, 3, 1, 1, 1, 1, 1, 1, 1, 1, 1, 1, 1, 1, 1, 1, 1, 1, 1]
信管校友
[1, 2, 3, 4, 5, 6, 7, 8, 9, 10, 11, 12, 13, 14, 15, 16, 20, 22, 30, 33, 34, 142]
[74, 39, 10, 17, 11, 5, 3, 2, 3, 3, 1, 1, 2, 4, 1, 1, 1, 2, 1, 1, 1, 1]
同学04级
[1, 2, 3, 4, 6, 7, 8, 11, 12, 14, 15, 16]
[3, 2, 2, 4, 4, 1, 1, 1, 1, 1, 2, 1]
老年群
[1, 2, 3, 4, 5, 8, 10, 11, 13, 26, 44, 47, 50, 131]
[2, 3, 1, 3, 2, 2, 1, 1, 1, 1, 1, 1, 1, 1]
老连家
[1, 2, 5, 8, 9, 10, 12, 14, 18, 43, 46, 67, 86]
[2, 3, 3, 1, 3, 1, 1, 1, 1, 1, 1, 1, 1]
滑翔伞
[1, 2, 3, 4, 5, 6, 7, 8, 9, 10, 11, 12, 13, 14, 15, 16, 17, 18, 20, 21, 22, 24, 25, 26, 28, 29, 30, 32, 34, 35, 36, 38, 39, 43, 44, 45, 47, 48, 50, 51, 56, 57, 58, 62, 68, 69, 72, 74, 81, 85, 89, 93, 96, 98, 111, 113, 114, 115, 119, 135, 148, 155, 159, 207, 217, 269, 293, 299, 300, 429, 443, 476, 1019, 1044, 1111, 1569, 1659, 1698, 2382, 2761]
[23, 23, 16, 10, 12, 4, 2, 4, 7, 8, 6, 2, 2, 1, 2, 3, 2, 2, 3, 1, 4, 2, 1, 2, 1, 1, 3, 2, 1, 2, 2, 2, 1, 1, 1, 1, 1, 1, 1, 2, 1, 1, 2, 1, 2, 2, 2, 1, 1, 1, 1, 1, 1, 1, 1, 1, 1, 1, 1, 1, 1, 1, 1, 1, 1, 1, 1, 1, 1, 1, 1, 1, 1, 1, 1, 1, 1, 1, 1, 1]
林州滑翔
[1, 2, 3, 4, 5, 6, 7, 8, 9, 10, 11, 12, 13, 14, 15, 16, 17, 18, 19, 23, 24, 25, 26, 27, 28, 30, 31, 32, 34, 35, 36, 43, 45, 50, 51, 58, 63, 64, 70, 72, 76, 78, 79, 98, 102, 106, 107, 112, 113, 118, 126, 130, 134, 148, 150, 163, 170, 203, 223, 236, 240, 304, 318, 337, 411, 470, 661, 697]
[7, 9, 3, 4, 4, 5, 1, 3, 4, 1, 1, 1, 3, 1, 2, 3, 1, 1, 2, 2, 1, 1, 1, 1, 1, 1, 1, 2, 1, 2, 1, 2, 1, 1, 1, 1, 1, 1, 1, 1, 1, 1, 1, 1, 1, 1, 1, 1, 1, 1, 1, 2, 1, 1, 1, 1, 1, 1, 1, 1, 1, 1, 1, 1, 1, 1, 1, 1]
游戏群
[1, 2, 3, 4, 5, 6, 7, 8, 9, 10, 13, 14, 19, 22]
[2, 2, 1, 1, 1, 1, 1, 1, 1, 1, 1, 1, 1, 1]
海大摄影
[1, 2, 3, 4, 5, 6, 7, 8, 10, 13, 14, 18, 19, 20, 21, 24, 26, 28, 30, 31, 35, 37, 55, 63, 67, 99, 225]
[16, 6, 3, 4, 1, 4, 3, 1, 1, 1, 3, 1, 2, 3, 1, 2, 1, 1, 1, 1, 1, 1, 1, 1, 1, 1, 1]
百科全书
[1, 2, 3, 4, 5, 6, 7, 8, 10, 11]
[5, 3, 5, 9, 5, 2, 3, 1, 1, 2]
自科重大
[1, 2, 3, 4, 5, 8, 9, 11, 12, 13, 14, 17, 20, 34]
[4, 2, 1, 1, 2, 2, 2, 1, 1, 1, 2, 1, 1, 1]
教指委
[1, 2, 3, 4, 5, 6, 8, 9, 12, 13]
[10, 5, 4, 3, 1, 1, 1, 1, 2, 1]
博士17班
[1, 2, 3, 4, 6, 7, 8, 9, 10, 14, 16, 17, 20, 24, 27, 30, 31, 33, 36, 39, 41, 42, 54, 79, 80, 100]
[4, 4, 6, 1, 1, 2, 5, 1, 3, 1, 1, 1, 1, 1, 1, 1, 1, 1, 1, 1, 1, 1, 1, 1, 1, 1]
信管校友
[1, 2, 3, 4, 5, 6, 7, 8, 9, 10, 11, 12, 13, 14, 15, 16, 20, 22, 30, 33, 34, 142]
[74, 39, 10, 17, 11, 5, 3, 2, 3, 3, 1, 1, 2, 4, 1, 1, 1, 2, 1, 1, 1, 1]
同学04级
[1, 2, 3, 4, 6, 7, 8, 11, 12, 14, 15, 16]
[3, 2, 2, 4, 4, 1, 1, 1, 1, 1, 2, 1]
老年群
[1, 2, 3, 4, 5, 8, 10, 11, 13, 26, 44, 47, 50, 131]
[2, 3, 1, 3, 2, 2, 1, 1, 1, 1, 1, 1, 1, 1]
老连家
[1, 2, 5, 8, 9, 10, 12, 14, 18, 43, 46, 67, 86]
[2, 3, 3, 1, 3, 1, 1, 1, 1, 1, 1, 1, 1]
滑翔伞
[1, 2, 3, 4, 5, 6, 7, 8, 9, 10, 11, 12, 13, 14, 15, 16, 17, 18, 20, 21, 22, 24, 25, 26, 28, 29, 30, 32, 34, 35, 36, 38, 39, 43, 44, 45, 47, 48, 50, 51, 56, 57, 58, 62, 68, 69, 72, 74, 81, 85, 89, 93, 96, 98, 111, 113, 114, 115, 119, 135, 148, 155, 159, 207, 217, 269, 293, 299, 300, 429, 443, 476, 1019, 1044, 1111, 1569, 1659, 1698, 2382, 2761]
[23, 23, 16, 10, 12, 4, 2, 4, 7, 8, 6, 2, 2, 1, 2, 3, 2, 2, 3, 1, 4, 2, 1, 2, 1, 1, 3, 2, 1, 2, 2, 2, 1, 1, 1, 1, 1, 1, 1, 2, 1, 1, 2, 1, 2, 2, 2, 1, 1, 1, 1, 1, 1, 1, 1, 1, 1, 1, 1, 1, 1, 1, 1, 1, 1, 1, 1, 1, 1, 1, 1, 1, 1, 1, 1, 1, 1, 1, 1, 1]
林州滑翔
[1, 2, 3, 4, 5, 6, 7, 8, 9, 10, 11, 12, 13, 14, 15, 16, 17, 18, 19, 23, 24, 25, 26, 27, 28, 30, 31, 32, 34, 35, 36, 43, 45, 50, 51, 58, 63, 64, 70, 72, 76, 78, 79, 98, 102, 106, 107, 112, 113, 118, 126, 130, 134, 148, 150, 163, 170, 203, 223, 236, 240, 304, 318, 337, 411, 470, 661, 697]
[7, 9, 3, 4, 4, 5, 1, 3, 4, 1, 1, 1, 3, 1, 2, 3, 1, 1, 2, 2, 1, 1, 1, 1, 1, 1, 1, 2, 1, 2, 1, 2, 1, 1, 1, 1, 1, 1, 1, 1, 1, 1, 1, 1, 1, 1, 1, 1, 1, 1, 1, 2, 1, 1, 1, 1, 1, 1, 1, 1, 1, 1, 1, 1, 1, 1, 1, 1]
游戏群
[1, 2, 3, 4, 5, 6, 7, 8, 9, 10, 13, 14, 19, 22]
[2, 2, 1, 1, 1, 1, 1, 1, 1, 1, 1, 1, 1, 1]
海大摄影
[1, 2, 3, 4, 5, 6, 7, 8, 10, 13, 14, 18, 19, 20, 21, 24, 26, 28, 30, 31, 35, 37, 55, 63, 67, 99, 225]
[16, 6, 3, 4, 1, 4, 3, 1, 1, 1, 3, 1, 2, 3, 1, 2, 1, 1, 1, 1, 1, 1, 1, 1, 1, 1, 1]
百科全书
[1, 2, 3, 4, 5, 6, 7, 8, 10, 11]
[5, 3, 5, 9, 5, 2, 3, 1, 1, 2]
自科重大
[1, 2, 3, 4, 5, 8, 9, 11, 12, 13, 14, 17, 20, 34]
[4, 2, 1, 1, 2, 2, 2, 1, 1, 1, 2, 1, 1, 1]
教指委
[1, 2, 3, 4, 5, 6, 8, 9, 12, 13]
[10, 5, 4, 3, 1, 1, 1, 1, 2, 1]
博士17班
[1, 2, 3, 4, 6, 7, 8, 9, 10, 14, 16, 17, 20, 24, 27, 30, 31, 33, 36, 39, 41, 42, 54, 79, 80, 100]
[4, 4, 6, 1, 1, 2, 5, 1, 3, 1, 1, 1, 1, 1, 1, 1, 1, 1, 1, 1, 1, 1, 1, 1, 1, 1]
信管校友
[1, 2, 3, 4, 5, 6, 7, 8, 9, 10, 11, 12, 13, 14, 15, 16, 20, 22, 30, 33, 34, 142]
[74, 39, 10, 17, 11, 5, 3, 2, 3, 3, 1, 1, 2, 4, 1, 1, 1, 2, 1, 1, 1, 1]
同学04级
[1, 2, 3, 4, 6, 7, 8, 11, 12, 14, 15, 16]
[3, 2, 2, 4, 4, 1, 1, 1, 1, 1, 2, 1]
老年群
[1, 2, 3, 4, 5, 8, 10, 11, 13, 26, 44, 47, 50, 131]
[2, 3, 1, 3, 2, 2, 1, 1, 1, 1, 1, 1, 1, 1]
老连家
[1, 2, 5, 8, 9, 10, 12, 14, 18, 43, 46, 67, 86]
[2, 3, 3, 1, 3, 1, 1, 1, 1, 1, 1, 1, 1]
滑翔伞
[1, 2, 3, 4, 5, 6, 7, 8, 9, 10, 11, 12, 13, 14, 15, 16, 17, 18, 20, 21, 22, 24, 25, 26, 28, 29, 30, 32, 34, 35, 36, 38, 39, 43, 44, 45, 47, 48, 50, 51, 56, 57, 58, 62, 68, 69, 72, 74, 81, 85, 89, 93, 96, 98, 111, 113, 114, 115, 119, 135, 148, 155, 159, 207, 217, 269, 293, 299, 300, 429, 443, 476, 1019, 1044, 1111, 1569, 1659, 1698, 2382, 2761]
[23, 23, 16, 10, 12, 4, 2, 4, 7, 8, 6, 2, 2, 1, 2, 3, 2, 2, 3, 1, 4, 2, 1, 2, 1, 1, 3, 2, 1, 2, 2, 2, 1, 1, 1, 1, 1, 1, 1, 2, 1, 1, 2, 1, 2, 2, 2, 1, 1, 1, 1, 1, 1, 1, 1, 1, 1, 1, 1, 1, 1, 1, 1, 1, 1, 1, 1, 1, 1, 1, 1, 1, 1, 1, 1, 1, 1, 1, 1, 1]
林州滑翔
[1, 2, 3, 4, 5, 6, 7, 8, 9, 10, 11, 12, 13, 14, 15, 16, 17, 18, 19, 23, 24, 25, 26, 27, 28, 30, 31, 32, 34, 35, 36, 43, 45, 50, 51, 58, 63, 64, 70, 72, 76, 78, 79, 98, 102, 106, 107, 112, 113, 118, 126, 130, 134, 148, 150, 163, 170, 203, 223, 236, 240, 304, 318, 337, 411, 470, 661, 697]
[7, 9, 3, 4, 4, 5, 1, 3, 4, 1, 1, 1, 3, 1, 2, 3, 1, 1, 2, 2, 1, 1, 1, 1, 1, 1, 1, 2, 1, 2, 1, 2, 1, 1, 1, 1, 1, 1, 1, 1, 1, 1, 1, 1, 1, 1, 1, 1, 1, 1, 1, 2, 1, 1, 1, 1, 1, 1, 1, 1, 1, 1, 1, 1, 1, 1, 1, 1]
游戏群
[1, 2, 3, 4, 5, 6, 7, 8, 9, 10, 13, 14, 19, 22]
[2, 2, 1, 1, 1, 1, 1, 1, 1, 1, 1, 1, 1, 1]
海大摄影
[1, 2, 3, 4, 5, 6, 7, 8, 10, 13, 14, 18, 19, 20, 21, 24, 26, 28, 30, 31, 35, 37, 55, 63, 67, 99, 225]
[16, 6, 3, 4, 1, 4, 3, 1, 1, 1, 3, 1, 2, 3, 1, 2, 1, 1, 1, 1, 1, 1, 1, 1, 1, 1, 1]
