百科全书
x = [1, 2, 3, 4, 5, 6, 7, 8, 10, 11]
y = [5, 3, 5, 9, 5, 2, 3, 1, 1, 2]
a = 7.110739507516016
b = -0.5884976297022494
自科重大
x = [1, 2, 3, 4, 5, 8, 9, 11, 12, 13, 14, 17, 20, 34]
y = [4, 2, 1, 1, 2, 2, 2, 1, 1, 1, 2, 1, 1, 1]
a = 2.5304848545543233
b = -0.2857519401921288
教指委
x = [1, 2, 3, 4, 5, 6, 8, 9, 12, 13]
y = [10, 5, 4, 3, 1, 1, 1, 1, 2, 1]
a = 8.456396970574291
b = -0.8964766937104859
博士17班
x = [1, 2, 3, 4, 6, 7, 8, 9, 10, 14, 16, 17, 20, 24, 27, 30, 31, 33, 36, 39, 41, 42, 54, 79, 80, 100]
y = [4, 4, 6, 1, 1, 2, 5, 1, 3, 1, 1, 1, 1, 1, 1, 1, 1, 1, 1, 1, 1, 1, 1, 1, 1, 1]
a = 3.760388789130063
b = -0.35974722541717624
信管校友
x = [1, 2, 3, 4, 5, 6, 7, 8, 9, 10, 11, 12, 13, 14, 15, 16, 20, 22, 30, 33, 34, 142]
y = [74, 39, 10, 17, 11, 5, 3, 2, 3, 3, 1, 1, 2, 4, 1, 1, 1, 2, 1, 1, 1, 1]
a = 34.41697860312453
b = -1.035237697550515
同学04级
x = [1, 2, 3, 4, 6, 7, 8, 11, 12, 14, 15, 16]
y = [3, 2, 2, 4, 4, 1, 1, 1, 1, 1, 2, 1]
a = 3.4016906135778937
b = -0.39734347914311924
老年群
x = [1, 2, 3, 4, 5, 8, 10, 11, 13, 26, 44, 47, 50, 131]
y = [2, 3, 1, 3, 2, 2, 1, 1, 1, 1, 1, 1, 1, 1]
a = 2.290578854509513
b = -0.21668620669434588
老连家
x = [1, 2, 5, 8, 9, 10, 12, 14, 18, 43, 46, 67, 86]
y = [2, 3, 3, 1, 3, 1, 1, 1, 1, 1, 1, 1, 1]
a = 2.5764530733060744
b = -0.25084870475330084
滑翔伞
x = [1, 2, 3, 4, 5, 6, 7, 8, 9, 10, 11, 12, 13, 14, 15, 16, 17, 18, 20, 21, 22, 24, 25, 26, 28, 29, 30, 32, 34, 35, 36, 38, 39, 43, 44, 45, 47, 48, 50, 51, 56, 57, 58, 62, 68, 69, 72, 74, 81, 85, 89, 93, 96, 98, 111, 113, 114, 115, 119, 135, 148, 155, 159, 207, 217, 269, 293, 299, 300, 429, 443, 476, 1019, 1044, 1111, 1569, 1659, 1698, 2382, 2761]
y = [23, 23, 16, 10, 12, 4, 2, 4, 7, 8, 6, 2, 2, 1, 2, 3, 2, 2, 3, 1, 4, 2, 1, 2, 1, 1, 3, 2, 1, 2, 2, 2, 1, 1, 1, 1, 1, 1, 1, 2, 1, 1, 2, 1, 2, 2, 2, 1, 1, 1, 1, 1, 1, 1, 1, 1, 1, 1, 1, 1, 1, 1, 1, 1, 1, 1, 1, 1, 1, 1, 1, 1, 1, 1, 1, 1, 1, 1, 1, 1]
a = 6.744710917322292
b = -0.3468332228620666
林州滑翔
x = [1, 2, 3, 4, 5, 6, 7, 8, 9, 10, 11, 12, 13, 14, 15, 16, 17, 18, 19, 23, 24, 25, 26, 27, 28, 30, 31, 32, 34, 35, 36, 43, 45, 50, 51, 58, 63, 64, 70, 72, 76, 78, 79, 98, 102, 106, 107, 112, 113, 118, 126, 130, 134, 148, 150, 163, 170, 203, 223, 236, 240, 304, 318, 337, 411, 470, 661, 697]
y = [7, 9, 3, 4, 4, 5, 1, 3, 4, 1, 1, 1, 3, 1, 2, 3, 1, 1, 2, 2, 1, 1, 1, 1, 1, 1, 1, 2, 1, 2, 1, 2, 1, 1, 1, 1, 1, 1, 1, 1, 1, 1, 1, 1, 1, 1, 1, 1, 1, 1, 1, 2, 1, 1, 1, 1, 1, 1, 1, 1, 1, 1, 1, 1, 1, 1, 1, 1]
a = 3.6375829759832827
b = -0.26317632142676867
游戏群
x = [1, 2, 3, 4, 5, 6, 7, 8, 9, 10, 13, 14, 19, 22]
y = [2, 2, 1, 1, 1, 1, 1, 1, 1, 1, 1, 1, 1, 1]
a = 1.6581708549985938
b = -0.21613037146251501
海大摄影
x = [1, 2, 3, 4, 5, 6, 7, 8, 10, 13, 14, 18, 19, 20, 21, 24, 26, 28, 30, 31, 35, 37, 55, 63, 67, 99, 225]
y = [16, 6, 3, 4, 1, 4, 3, 1, 1, 1, 3, 1, 2, 3, 1, 2, 1, 1, 1, 1, 1, 1, 1, 1, 1, 1, 1]
a = 5.740897100203741
b = -0.4475412885565617
百科全书
x = [1, 2, 3, 4, 5, 6, 7, 8, 10, 11]
y = [5, 3, 5, 9, 5, 2, 3, 1, 1, 2]
a = 7.110739507516016
b = -0.5884976297022494
自科重大
x = [1, 2, 3, 4, 5, 8, 9, 11, 12, 13, 14, 17, 20, 34]
y = [4, 2, 1, 1, 2, 2, 2, 1, 1, 1, 2, 1, 1, 1]
a = 2.5304848545543233
b = -0.2857519401921288
教指委
x = [1, 2, 3, 4, 5, 6, 8, 9, 12, 13]
y = [10, 5, 4, 3, 1, 1, 1, 1, 2, 1]
a = 8.456396970574291
b = -0.8964766937104859
博士17班
x = [1, 2, 3, 4, 6, 7, 8, 9, 10, 14, 16, 17, 20, 24, 27, 30, 31, 33, 36, 39, 41, 42, 54, 79, 80, 100]
y = [4, 4, 6, 1, 1, 2, 5, 1, 3, 1, 1, 1, 1, 1, 1, 1, 1, 1, 1, 1, 1, 1, 1, 1, 1, 1]
a = 3.760388789130063
b = -0.35974722541717624
信管校友
x = [1, 2, 3, 4, 5, 6, 7, 8, 9, 10, 11, 12, 13, 14, 15, 16, 20, 22, 30, 33, 34, 142]
y = [74, 39, 10, 17, 11, 5, 3, 2, 3, 3, 1, 1, 2, 4, 1, 1, 1, 2, 1, 1, 1, 1]
a = 34.41697860312453
b = -1.035237697550515
同学04级
x = [1, 2, 3, 4, 6, 7, 8, 11, 12, 14, 15, 16]
y = [3, 2, 2, 4, 4, 1, 1, 1, 1, 1, 2, 1]
a = 3.4016906135778937
b = -0.39734347914311924
老年群
x = [1, 2, 3, 4, 5, 8, 10, 11, 13, 26, 44, 47, 50, 131]
y = [2, 3, 1, 3, 2, 2, 1, 1, 1, 1, 1, 1, 1, 1]
a = 2.290578854509513
b = -0.21668620669434588
老连家
x = [1, 2, 5, 8, 9, 10, 12, 14, 18, 43, 46, 67, 86]
y = [2, 3, 3, 1, 3, 1, 1, 1, 1, 1, 1, 1, 1]
a = 2.5764530733060744
b = -0.25084870475330084
滑翔伞
x = [1, 2, 3, 4, 5, 6, 7, 8, 9, 10, 11, 12, 13, 14, 15, 16, 17, 18, 20, 21, 22, 24, 25, 26, 28, 29, 30, 32, 34, 35, 36, 38, 39, 43, 44, 45, 47, 48, 50, 51, 56, 57, 58, 62, 68, 69, 72, 74, 81, 85, 89, 93, 96, 98, 111, 113, 114, 115, 119, 135, 148, 155, 159, 207, 217, 269, 293, 299, 300, 429, 443, 476, 1019, 1044, 1111, 1569, 1659, 1698, 2382, 2761]
y = [23, 23, 16, 10, 12, 4, 2, 4, 7, 8, 6, 2, 2, 1, 2, 3, 2, 2, 3, 1, 4, 2, 1, 2, 1, 1, 3, 2, 1, 2, 2, 2, 1, 1, 1, 1, 1, 1, 1, 2, 1, 1, 2, 1, 2, 2, 2, 1, 1, 1, 1, 1, 1, 1, 1, 1, 1, 1, 1, 1, 1, 1, 1, 1, 1, 1, 1, 1, 1, 1, 1, 1, 1, 1, 1, 1, 1, 1, 1, 1]
a = 6.744710917322292
b = -0.3468332228620666
林州滑翔
x = [1, 2, 3, 4, 5, 6, 7, 8, 9, 10, 11, 12, 13, 14, 15, 16, 17, 18, 19, 23, 24, 25, 26, 27, 28, 30, 31, 32, 34, 35, 36, 43, 45, 50, 51, 58, 63, 64, 70, 72, 76, 78, 79, 98, 102, 106, 107, 112, 113, 118, 126, 130, 134, 148, 150, 163, 170, 203, 223, 236, 240, 304, 318, 337, 411, 470, 661, 697]
y = [7, 9, 3, 4, 4, 5, 1, 3, 4, 1, 1, 1, 3, 1, 2, 3, 1, 1, 2, 2, 1, 1, 1, 1, 1, 1, 1, 2, 1, 2, 1, 2, 1, 1, 1, 1, 1, 1, 1, 1, 1, 1, 1, 1, 1, 1, 1, 1, 1, 1, 1, 2, 1, 1, 1, 1, 1, 1, 1, 1, 1, 1, 1, 1, 1, 1, 1, 1]
a = 3.6375829759832827
b = -0.26317632142676867
游戏群
x = [1, 2, 3, 4, 5, 6, 7, 8, 9, 10, 13, 14, 19, 22]
y = [2, 2, 1, 1, 1, 1, 1, 1, 1, 1, 1, 1, 1, 1]
a = 1.6581708549985938
b = -0.21613037146251501
海大摄影
x = [1, 2, 3, 4, 5, 6, 7, 8, 10, 13, 14, 18, 19, 20, 21, 24, 26, 28, 30, 31, 35, 37, 55, 63, 67, 99, 225]
y = [16, 6, 3, 4, 1, 4, 3, 1, 1, 1, 3, 1, 2, 3, 1, 2, 1, 1, 1, 1, 1, 1, 1, 1, 1, 1, 1]
a = 5.740897100203741
b = -0.4475412885565617
百科全书
x = [1, 2, 3, 4, 5, 6, 7, 8, 10, 11]
y = [5, 3, 5, 9, 5, 2, 3, 1, 1, 2]
a = 7.110739507516016
b = -0.5884976297022494
百科全书
x = [1, 2, 3, 4, 5, 6, 7, 8, 10, 11]
y = [5, 3, 5, 9, 5, 2, 3, 1, 1, 2]
a = 7.110739507516016
b = -0.5884976297022494
自科重大
x = [1, 2, 3, 4, 5, 8, 9, 11, 12, 13, 14, 17, 20, 34]
y = [4, 2, 1, 1, 2, 2, 2, 1, 1, 1, 2, 1, 1, 1]
a = 2.5304848545543233
b = -0.2857519401921288
教指委
x = [1, 2, 3, 4, 5, 6, 8, 9, 12, 13]
y = [10, 5, 4, 3, 1, 1, 1, 1, 2, 1]
a = 8.456396970574291
b = -0.8964766937104859
博士17班
x = [1, 2, 3, 4, 6, 7, 8, 9, 10, 14, 16, 17, 20, 24, 27, 30, 31, 33, 36, 39, 41, 42, 54, 79, 80, 100]
y = [4, 4, 6, 1, 1, 2, 5, 1, 3, 1, 1, 1, 1, 1, 1, 1, 1, 1, 1, 1, 1, 1, 1, 1, 1, 1]
a = 3.760388789130063
b = -0.35974722541717624
信管校友
x = [1, 2, 3, 4, 5, 6, 7, 8, 9, 10, 11, 12, 13, 14, 15, 16, 20, 22, 30, 33, 34, 142]
y = [74, 39, 10, 17, 11, 5, 3, 2, 3, 3, 1, 1, 2, 4, 1, 1, 1, 2, 1, 1, 1, 1]
a = 34.41697860312453
b = -1.035237697550515
同学04级
x = [1, 2, 3, 4, 6, 7, 8, 11, 12, 14, 15, 16]
y = [3, 2, 2, 4, 4, 1, 1, 1, 1, 1, 2, 1]
a = 3.4016906135778937
b = -0.39734347914311924
老年群
x = [1, 2, 3, 4, 5, 8, 10, 11, 13, 26, 44, 47, 50, 131]
y = [2, 3, 1, 3, 2, 2, 1, 1, 1, 1, 1, 1, 1, 1]
a = 2.290578854509513
b = -0.21668620669434588
老连家
x = [1, 2, 5, 8, 9, 10, 12, 14, 18, 43, 46, 67, 86]
y = [2, 3, 3, 1, 3, 1, 1, 1, 1, 1, 1, 1, 1]
a = 2.5764530733060744
b = -0.25084870475330084
滑翔伞
x = [1, 2, 3, 4, 5, 6, 7, 8, 9, 10, 11, 12, 13, 14, 15, 16, 17, 18, 20, 21, 22, 24, 25, 26, 28, 29, 30, 32, 34, 35, 36, 38, 39, 43, 44, 45, 47, 48, 50, 51, 56, 57, 58, 62, 68, 69, 72, 74, 81, 85, 89, 93, 96, 98, 111, 113, 114, 115, 119, 135, 148, 155, 159, 207, 217, 269, 293, 299, 300, 429, 443, 476, 1019, 1044, 1111, 1569, 1659, 1698, 2382, 2761]
y = [23, 23, 16, 10, 12, 4, 2, 4, 7, 8, 6, 2, 2, 1, 2, 3, 2, 2, 3, 1, 4, 2, 1, 2, 1, 1, 3, 2, 1, 2, 2, 2, 1, 1, 1, 1, 1, 1, 1, 2, 1, 1, 2, 1, 2, 2, 2, 1, 1, 1, 1, 1, 1, 1, 1, 1, 1, 1, 1, 1, 1, 1, 1, 1, 1, 1, 1, 1, 1, 1, 1, 1, 1, 1, 1, 1, 1, 1, 1, 1]
a = 6.744710917322292
b = -0.3468332228620666
林州滑翔
x = [1, 2, 3, 4, 5, 6, 7, 8, 9, 10, 11, 12, 13, 14, 15, 16, 17, 18, 19, 23, 24, 25, 26, 27, 28, 30, 31, 32, 34, 35, 36, 43, 45, 50, 51, 58, 63, 64, 70, 72, 76, 78, 79, 98, 102, 106, 107, 112, 113, 118, 126, 130, 134, 148, 150, 163, 170, 203, 223, 236, 240, 304, 318, 337, 411, 470, 661, 697]
y = [7, 9, 3, 4, 4, 5, 1, 3, 4, 1, 1, 1, 3, 1, 2, 3, 1, 1, 2, 2, 1, 1, 1, 1, 1, 1, 1, 2, 1, 2, 1, 2, 1, 1, 1, 1, 1, 1, 1, 1, 1, 1, 1, 1, 1, 1, 1, 1, 1, 1, 1, 2, 1, 1, 1, 1, 1, 1, 1, 1, 1, 1, 1, 1, 1, 1, 1, 1]
a = 3.6375829759832827
b = -0.26317632142676867
游戏群
x = [1, 2, 3, 4, 5, 6, 7, 8, 9, 10, 13, 14, 19, 22]
y = [2, 2, 1, 1, 1, 1, 1, 1, 1, 1, 1, 1, 1, 1]
a = 1.6581708549985938
b = -0.21613037146251501
海大摄影
x = [1, 2, 3, 4, 5, 6, 7, 8, 10, 13, 14, 18, 19, 20, 21, 24, 26, 28, 30, 31, 35, 37, 55, 63, 67, 99, 225]
y = [16, 6, 3, 4, 1, 4, 3, 1, 1, 1, 3, 1, 2, 3, 1, 2, 1, 1, 1, 1, 1, 1, 1, 1, 1, 1, 1]
a = 5.740897100203741
b = -0.4475412885565617
